0.000000 0 1 1.000000 0.000000 1.000000 -1.000000;
0.010000 0 1 1.000000 0.062791 0.998027 -0.960769;
0.020000 0 1 1.000000 0.125333 0.992115 -0.922339;
0.030000 0 1 1.000000 0.187381 0.982287 -0.884693;
0.040000 0 1 1.000000 0.248690 0.968583 -0.847814;
0.050000 0 1 1.000000 0.309017 0.951057 -0.811684;
0.060000 0 1 1.000000 0.368125 0.929776 -0.776288;
0.070000 0 1 1.000000 0.425779 0.904827 -0.741611;
0.080000 0 1 1.000000 0.481754 0.876307 -0.707639;
0.090000 0 1 1.000000 0.535827 0.844328 -0.674360;
0.100000 0 1 1.000000 0.587785 0.809017 -0.641761;
0.110000 0 1 1.000000 0.637424 0.770513 -0.609831;
0.120000 0 1 1.000000 0.684547 0.728969 -0.578559;
0.130000 0 1 1.000000 0.728969 0.684547 -0.547934;
0.140000 0 1 1.000000 0.770513 0.637424 -0.517946;
0.150000 0 1 1.000000 0.809017 0.587785 -0.488584;
0.160000 0 1 1.000000 0.844328 0.535827 -0.459838;
0.170000 0 1 1.000000 0.876307 0.481754 -0.431699;
0.180000 0 1 1.000000 0.904827 0.425779 -0.404157;
0.190000 0 1 1.000000 0.929776 0.368125 -0.377203;
0.200000 0 1 1.000000 0.951057 0.309017 -0.350829;
0.210000 0 1 1.000000 0.968583 0.248690 -0.325027;
0.220000 0 1 1.000000 0.982287 0.187381 -0.299788;
0.230000 0 1 1.000000 0.992115 0.125333 -0.275105;
0.240000 0 1 1.000000 0.998027 0.062791 -0.250970;
0.250000 0 1 1.000000 1.000000 0.000000 -0.227376;
0.260000 0 1 1.000000 0.998027 -0.062791 -0.204316;
0.270000 0 1 1.000000 0.992115 -0.125333 -0.181782;
0.280000 0 1 1.000000 0.982287 -0.187381 -0.159767;
0.290000 0 1 1.000000 0.968583 -0.248690 -0.138264;
0.300000 0 1 1.000000 0.951057 -0.309017 -0.117267;
0.310000 0 1 1.000000 0.929776 -0.368125 -0.096768;
0.320000 0 1 1.000000 0.904827 -0.425779 -0.076761;
0.330000 0 1 1.000000 0.876307 -0.481754 -0.057240;
0.340000 0 1 1.000000 0.844328 -0.535827 -0.038198;
0.350000 0 1 1.000000 0.809017 -0.587785 -0.019629;
0.360000 0 1 1.000000 0.770513 -0.637424 -0.001526;
0.370000 0 1 1.000000 0.728969 -0.684547 0.016117;
0.380000 0 1 1.000000 0.684547 -0.728969 0.033306;
0.390000 0 1 1.000000 0.637424 -0.770513 0.050047;
0.400000 0 1 1.000000 0.587785 -0.809017 0.066346;
0.410000 0 1 1.000000 0.535827 -0.844328 0.082209;
0.420000 0 1 1.000000 0.481754 -0.876307 0.097642;
0.430000 0 1 1.000000 0.425779 -0.904827 0.112652;
0.440000 0 1 1.000000 0.368125 -0.929776 0.127244;
0.450000 0 1 1.000000 0.309017 -0.951057 0.141424;
0.460000 0 1 1.000000 0.248690 -0.968583 0.155198;
0.470000 0 1 1.000000 0.187381 -0.982287 0.168573;
0.480000 0 1 1.000000 0.125333 -0.992115 0.181554;
0.490000 0 1 1.000000 0.062791 -0.998027 0.194149;
0.500000 0 1 1.000000 0.000000 -1.000000 0.206363;
0.510000 0 1 1.000000 -0.062791 -0.998027 0.218203;
0.520000 0 1 1.000000 -0.125333 -0.992115 0.229676;
0.530000 0 1 1.000000 -0.187381 -0.982287 0.240787;
0.540000 0 1 1.000000 -0.248690 -0.968583 0.251543;
0.550000 0 1 1.000000 -0.309017 -0.951057 0.261951;
0.560000 0 1 1.000000 -0.368125 -0.929776 0.272016;
0.570000 0 1 1.000000 -0.425779 -0.904827 0.281744;
0.580000 0 1 1.000000 -0.481754 -0.876307 0.291142;
0.590000 0 1 1.000000 -0.535827 -0.844328 0.300215;
0.600000 0 1 1.000000 -0.587785 -0.809017 0.308969;
0.610000 0 1 1.000000 -0.637424 -0.770513 0.317410;
0.620000 0 1 1.000000 -0.684547 -0.728969 0.325544;
0.630000 0 1 1.000000 -0.728969 -0.684547 0.333376;
0.640000 0 1 1.000000 -0.770513 -0.637424 0.340913;
0.650000 0 1 1.000000 -0.809017 -0.587785 0.348160;
0.660000 0 1 1.000000 -0.844328 -0.535827 0.355122;
0.670000 0 1 1.000000 -0.876307 -0.481754 0.361806;
0.680000 0 1 1.000000 -0.904827 -0.425779 0.368217;
0.690000 0 1 1.000000 -0.929776 -0.368125 0.374360;
0.700000 0 1 1.000000 -0.951057 -0.309017 0.380240;
0.710000 0 1 1.000000 -0.968583 -0.248690 0.385863;
0.720000 0 1 1.000000 -0.982287 -0.187381 0.391234;
0.730000 0 1 1.000000 -0.992115 -0.125333 0.396357;
0.740000 0 1 1.000000 -0.998027 -0.062791 0.401239;
0.750000 0 1 1.000000 -1.000000 -0.000000 0.405884;
0.760000 0 1 1.000000 -0.998027 0.062791 0.410297;
0.770000 0 1 1.000000 -0.992115 0.125333 0.414484;
0.780000 0 1 1.000000 -0.982287 0.187381 0.418451;
0.790000 0 1 1.000000 -0.968583 0.248690 0.422202;
0.800000 0 1 1.000000 -0.951057 0.309017 0.425744;
0.810000 0 1 1.000000 -0.929776 0.368125 0.429082;
0.820000 0 1 1.000000 -0.904827 0.425779 0.432221;
0.830000 0 1 1.000000 -0.876307 0.481754 0.435165;
0.840000 0 1 1.000000 -0.844328 0.535827 0.437921;
0.850000 0 1 1.000000 -0.809017 0.587785 0.440492;
0.860000 0 1 1.000000 -0.770513 0.637424 0.442884;
0.870000 0 1 1.000000 -0.728969 0.684547 0.445102;
0.880000 0 1 1.000000 -0.684547 0.728969 0.447150;
0.890000 0 1 1.000000 -0.637424 0.770513 0.449033;
0.900000 0 1 1.000000 -0.587785 0.809017 0.450756;
0.910000 0 1 1.000000 -0.535827 0.844328 0.452323;
0.920000 0 1 1.000000 -0.481754 0.876307 0.453738;
0.930000 0 1 1.000000 -0.425779 0.904827 0.455006;
0.940000 0 1 1.000000 -0.368125 0.929776 0.456132;
0.950000 0 1 1.000000 -0.309017 0.951057 0.457119;
0.960000 0 1 1.000000 -0.248690 0.968583 0.457972;
0.970000 0 1 1.000000 -0.187381 0.982287 0.458695;
0.980000 0 1 1.000000 -0.125333 0.992115 0.459292;
0.990000 0 1 1.000000 -0.062791 0.998027 0.459767;
1.000000 0 1 1.000000 -0.000000 1.000000 1.000000;