0.000000 1 0 1.000000 0.000000 1.000000 1.000000;
0.010000 1 0 1.000000 0.705602 0.708611 1.000000;
0.020000 1 0 1.000000 0.999912 -0.013289 1.000000;
0.030000 1 0 1.000000 0.589139 -0.808027 1.000000;
0.040000 1 0 1.000000 -0.129424 -0.991586 1.000000;
0.050000 1 0 1.000000 -0.755491 -0.655146 1.000000;
0.060000 1 0 1.000000 -0.982983 0.183701 1.000000;
0.070000 1 0 1.000000 -0.443987 0.896038 1.000000;
0.080000 1 0 1.000000 0.255395 0.966841 1.000000;
0.090000 1 0 1.000000 0.803023 0.595945 1.000000;
0.100000 1 0 1.000000 0.951057 -0.309017 1.000000;
0.110000 1 0 1.000000 0.312019 -0.949918 1.000000;
0.120000 1 0 1.000000 -0.379768 -0.925081 1.000000;
0.130000 1 0 1.000000 -0.916723 0.399501 1.000000;
0.140000 1 0 1.000000 -0.718873 0.695147 1.000000;
0.150000 1 0 1.000000 -0.003185 0.999995 1.000000;
0.160000 1 0 1.000000 0.693892 0.720084 1.000000;
0.170000 1 0 0.580000 0.925895 -0.377778 0.193427;
0.180000 1 0 0.580000 0.366668 -0.930355 0.193427;
0.190000 1 0 0.580000 -0.325086 -0.945688 0.193427;
0.200000 1 0 0.580000 -0.951057 0.309017 0.193427;
0.210000 1 0 0.580000 -0.819342 0.573295 0.193427;
0.220000 1 0 0.580000 -0.116248 0.993222 0.193427;
0.230000 1 0 0.580000 0.530369 0.847771 0.193427;
0.240000 1 0 0.580000 0.996053 -0.088761 0.193427;
0.250000 1 0 0.580000 0.760406 -0.649448 0.193427;
0.260000 1 0 0.580000 0.053571 -0.998564 0.193427;
0.270000 1 0 0.580000 -0.632943 -0.774199 0.193427;
0.280000 1 0 0.580000 -0.991201 0.132338 0.193427;
0.290000 1 0 0.580000 -0.542031 0.840361 0.193427;
0.300000 1 0 0.580000 0.187381 0.982287 0.193427;
0.310000 1 0 0.580000 0.840361 -0.542031 0.193427;
0.320000 1 0 0.580000 0.887228 -0.461321 0.193427;
0.330000 1 0 0.180000 0.132338 -0.991201 -0.166601;
0.340000 1 0 0.180000 -0.577236 -0.816574 -0.166601;
0.350000 1 0 0.180000 -0.998564 0.053571 -0.166601;
0.360000 1 0 0.180000 -0.649448 0.760406 -0.166601;
0.370000 1 0 0.180000 0.088761 0.996053 -0.166601;
0.380000 1 0 0.180000 0.728969 -0.684547 -0.166601;
0.390000 1 0 0.180000 0.993222 -0.116248 -0.166601;
0.400000 1 0 0.180000 0.573295 -0.819342 -0.166601;
0.410000 1 0 0.180000 -0.183701 -0.982983 -0.166601;
0.420000 1 0 0.180000 -0.808027 -0.589139 -0.166601;
0.430000 1 0 0.180000 -0.966841 0.255395 -0.166601;
0.440000 1 0 0.180000 -0.424357 0.905499 -0.166601;
0.450000 1 0 0.180000 0.283662 0.958922 -0.166601;
0.460000 1 0 0.180000 0.866025 0.500000 -0.166601;
0.470000 1 0 0.180000 0.920505 -0.390731 -0.166601;
0.480000 1 0 0.180000 0.227238 -0.973831 -0.166601;
0.490000 1 0 0.180000 -0.457064 -0.889429 -0.166601;
0.500000 1 0 -0.220000 -0.966841 -0.255395 -0.451737;
0.510000 1 0 -0.220000 -0.765249 0.643734 -0.451737;
0.520000 1 0 -0.220000 -0.019794 0.999804 -0.451737;
0.530000 1 0 -0.220000 0.678482 0.734621 -0.451737;
0.540000 1 0 -0.220000 0.999518 -0.031029 -0.451737;
0.550000 1 0 -0.220000 0.621210 -0.783649 -0.451737;
0.560000 1 0 -0.220000 -0.142562 -0.989781 -0.451737;
0.570000 1 0 -0.220000 -0.825316 -0.564679 -0.451737;
0.580000 1 0 -0.220000 -0.938991 0.343916 -0.451737;
0.590000 1 0 -0.220000 -0.340866 0.939943 -0.451737;
0.600000 1 0 -0.220000 0.372728 0.927934 -0.451737;
0.610000 1 0 -0.220000 0.948332 0.317208 -0.451737;
0.620000 1 0 -0.220000 0.852233 -0.523171 -0.451737;
0.630000 1 0 -0.220000 0.199949 -0.979808 -0.451737;
0.640000 1 0 -0.220000 -0.500000 -0.866025 -0.451737;
0.650000 1 0 -0.220000 -0.999804 -0.019794 -0.451737;
0.660000 1 0 -0.640000 -0.783649 0.621210 -0.647335;
0.670000 1 0 -0.640000 -0.075953 0.997111 -0.647335;
0.680000 1 0 -0.640000 0.613312 0.789833 -0.647335;
0.690000 1 0 -0.640000 0.999053 -0.043516 -0.647335;
0.700000 1 0 -0.640000 0.695147 -0.718873 -0.647335;
0.710000 1 0 -0.640000 -0.031029 -0.999518 -0.647335;
0.720000 1 0 -0.640000 -0.708611 -0.705602 -0.647335;
0.730000 1 0 -0.640000 -0.991586 0.129424 -0.647335;
0.740000 1 0 -0.640000 -0.583489 0.812117 -0.647335;
0.750000 1 0 -0.640000 0.122822 0.992431 -0.647335;
0.760000 1 0 -0.640000 0.749509 0.661994 -0.647335;
0.770000 1 0 -0.640000 0.973831 -0.227238 -0.647335;
0.780000 1 0 -0.640000 0.494191 -0.869357 -0.647335;
0.790000 1 0 -0.640000 -0.239716 -0.970844 -0.647335;
0.800000 1 0 -0.640000 -0.852233 -0.523171 -0.647335;
0.810000 1 0 -0.640000 -0.942203 0.335011 -0.647335;
0.820000 1 0 -0.640000 -0.322045 0.946723 -0.647335;
0.830000 1 0 -1.000000 0.402549 0.915396 -0.714286;
0.840000 1 0 -1.000000 0.963771 0.266732 -0.714286;
0.850000 1 0 -1.000000 0.866025 -0.500000 -0.714286;
0.860000 1 0 -1.000000 0.165293 -0.986259 -0.714286;
0.870000 1 0 -1.000000 -0.524458 -0.851433 -0.714286;
0.880000 1 0 -1.000000 -0.995272 0.097148 -0.714286;
0.890000 1 0 -1.000000 -0.734621 0.678482 -0.714286;
0.900000 1 0 -1.000000 -0.037699 0.999289 -0.714286;
0.910000 1 0 -1.000000 0.655146 0.755491 -0.714286;
0.920000 1 0 -1.000000 0.999804 -0.019794 -0.714286;
0.930000 1 0 -1.000000 0.601509 -0.798865 -0.714286;
0.940000 1 0 -1.000000 -0.109072 -0.994033 -0.714286;
0.950000 1 0 -1.000000 -0.789833 -0.613312 -0.714286;
0.960000 1 0 -1.000000 -0.970844 0.239716 -0.714286;
0.970000 1 0 -1.000000 -0.505809 0.862652 -0.714286;
0.980000 1 0 -1.000000 0.214732 0.976675 -0.714286;
0.990000 1 0 -1.000000 0.825316 -0.564679 -0.714286;
1.000000 1 0 -1.000000 0.866025 -0.500000 -0.714286;