0.000000 0.000000 0.000000 1.000000 1.000000 0.000000 1.000000 -1.000000;
0.020000 0.000000 0.000000 1.000000 1.000000 0.125333 0.992115 -0.996082;
0.040000 0.000000 0.000000 1.000000 1.000000 0.248690 0.968583 -0.991946;
0.060000 0.000000 0.000000 1.000000 1.000000 0.368125 0.929776 -0.987579;
0.080000 0.000000 0.000000 1.000000 1.000000 0.481754 0.876307 -0.982970;
0.100000 0.000000 0.000000 1.000000 1.000000 0.587785 0.809017 -0.978104;
0.120000 0.000000 0.000000 1.000000 1.000000 0.684547 0.728969 -0.972967;
0.140000 0.000000 0.000000 1.000000 1.000000 0.770513 0.637424 -0.967544;
0.160000 0.000000 0.000000 1.000000 1.000000 0.844328 0.535827 -0.961820;
0.180000 0.000000 0.000000 1.000000 1.000000 0.904827 0.425779 -0.955777;
0.200000 0.000000 0.000000 1.000000 1.000000 0.951057 0.309017 -0.949398;
0.220000 0.000000 0.000000 1.000000 1.000000 0.982287 0.187381 -0.942663;
0.240000 0.000000 0.000000 1.000000 1.000000 0.998027 0.062791 -0.935554;
0.260000 0.000000 0.000000 1.000000 1.000000 0.998027 -0.062791 -0.928049;
0.280000 0.000000 0.000000 1.000000 1.000000 0.982287 -0.187381 -0.920127;
0.300000 0.000000 0.000000 1.000000 1.000000 0.951057 -0.309017 -0.911763;
0.320000 0.000000 0.000000 1.000000 1.000000 0.904827 -0.425779 -0.902934;
0.340000 0.000000 0.000000 1.000000 1.000000 0.844328 -0.535827 -0.893614;
0.360000 0.000000 0.000000 1.000000 1.000000 0.770513 -0.637424 -0.883775;
0.380000 0.000000 0.000000 1.000000 1.000000 0.684547 -0.728969 -0.873388;
0.400000 0.000000 0.000000 1.000000 1.000000 0.587785 -0.809017 -0.862424;
0.420000 0.000000 0.000000 1.000000 1.000000 0.481754 -0.876307 -0.850849;
0.440000 0.000000 0.000000 1.000000 1.000000 0.368125 -0.929776 -0.838630;
0.460000 0.000000 0.000000 1.000000 1.000000 0.248690 -0.968583 -0.825731;
0.480000 0.000000 0.000000 1.000000 1.000000 0.125333 -0.992115 -0.812113;
0.500000 0.000000 0.000000 1.000000 1.000000 0.000000 -1.000000 -0.797739;
0.520000 0.000000 0.000000 1.000000 1.000000 -0.125333 -0.992115 -0.782564;
0.540000 0.000000 0.000000 1.000000 1.000000 -0.248690 -0.968583 -0.766544;
0.560000 0.000000 0.000000 1.000000 1.000000 -0.368125 -0.929776 -0.749633;
0.580000 0.000000 0.000000 1.000000 1.000000 -0.481754 -0.876307 -0.731781;
0.600000 0.000000 0.000000 1.000000 1.000000 -0.587785 -0.809017 -0.712935;
0.620000 0.000000 0.000000 1.000000 1.000000 -0.684547 -0.728969 -0.693041;
0.640000 0.000000 0.000000 1.000000 1.000000 -0.770513 -0.637424 -0.672039;
0.660000 0.000000 0.000000 1.000000 1.000000 -0.844328 -0.535827 -0.649868;
0.680000 0.000000 0.000000 1.000000 1.000000 -0.904827 -0.425779 -0.626464;
0.700000 0.000000 0.000000 1.000000 1.000000 -0.951057 -0.309017 -0.601756;
0.720000 0.000000 0.000000 1.000000 1.000000 -0.982287 -0.187381 -0.575674;
0.740000 0.000000 0.000000 1.000000 1.000000 -0.998027 -0.062791 -0.548140;
0.760000 0.000000 0.000000 1.000000 1.000000 -0.998027 0.062791 -0.519074;
0.780000 0.000000 0.000000 1.000000 1.000000 -0.982287 0.187381 -0.488390;
0.800000 0.000000 0.000000 1.000000 1.000000 -0.951057 0.309017 -0.455999;
0.820000 0.000000 0.000000 1.000000 1.000000 -0.904827 0.425779 -0.421805;
0.840000 0.000000 0.000000 1.000000 1.000000 -0.844328 0.535827 -0.385707;
0.860000 0.000000 0.000000 1.000000 1.000000 -0.770513 0.637424 -0.347601;
0.880000 0.000000 0.000000 1.000000 1.000000 -0.684547 0.728969 -0.307374;
0.900000 0.000000 0.000000 1.000000 1.000000 -0.587785 0.809017 -0.264908;
0.920000 0.000000 0.000000 1.000000 1.000000 -0.481754 0.876307 -0.220078;
0.940000 0.000000 0.000000 1.000000 1.000000 -0.368125 0.929776 -0.172754;
0.960000 0.000000 0.000000 1.000000 1.000000 -0.248690 0.968583 -0.122796;
0.980000 0.000000 0.000000 1.000000 1.000000 -0.125333 0.992115 -0.070057;
1.000000 0.000000 0.000000 1.000000 1.000000 -0.000000 1.000000 -0.014384;
0.000000 0.000000 1.000000 0.000000 1.000000 0.000000 1.000000 -0.366389;
0.020000 0.000000 1.000000 0.000000 1.000000 0.684547 0.728969 -0.366389;
0.040000 0.000000 1.000000 0.000000 1.000000 0.998027 0.062791 -0.366389;
0.060000 0.000000 1.000000 0.000000 1.000000 0.770513 -0.637424 -0.366389;
0.080000 0.000000 1.000000 0.000000 1.000000 0.125333 -0.992115 -0.366389;
0.100000 0.000000 1.000000 0.000000 1.000000 -0.587785 -0.809017 -0.366389;
0.120000 0.000000 1.000000 0.000000 1.000000 -0.982287 -0.187381 -0.366389;
0.140000 0.000000 1.000000 0.000000 1.000000 -0.844328 0.535827 -0.366389;
0.160000 0.000000 1.000000 0.000000 1.000000 -0.248690 0.968583 -0.366389;
0.180000 0.000000 1.000000 0.000000 0.790000 0.481754 0.876307 -0.560148;
0.200000 0.000000 1.000000 0.000000 0.790000 0.951057 0.309017 -0.560148;
0.220000 0.000000 1.000000 0.000000 0.790000 0.904827 -0.425779 -0.560148;
0.240000 0.000000 1.000000 0.000000 0.790000 0.368125 -0.929776 -0.560148;
0.260000 0.000000 1.000000 0.000000 0.790000 -0.368125 -0.929776 -0.560148;
0.280000 0.000000 1.000000 0.000000 0.790000 -0.904827 -0.425779 -0.560148;
0.300000 0.000000 1.000000 0.000000 0.790000 -0.951057 0.309017 -0.560148;
0.320000 0.000000 1.000000 0.000000 0.790000 -0.481754 0.876307 -0.560148;
0.340000 0.000000 1.000000 0.000000 0.590000 0.248690 0.968583 -0.700580;
0.360000 0.000000 1.000000 0.000000 0.590000 0.844328 0.535827 -0.700580;
0.380000 0.000000 1.000000 0.000000 0.590000 0.982287 -0.187381 -0.700580;
0.400000 0.000000 1.000000 0.000000 0.590000 0.587785 -0.809017 -0.700580;
0.420000 0.000000 1.000000 0.000000 0.590000 -0.125333 -0.992115 -0.700580;
0.440000 0.000000 1.000000 0.000000 0.590000 -0.770513 -0.637424 -0.700580;
0.460000 0.000000 1.000000 0.000000 0.590000 -0.998027 0.062791 -0.700580;
0.480000 0.000000 1.000000 0.000000 0.590000 -0.684547 0.728969 -0.700580;
0.500000 0.000000 1.000000 0.000000 0.390000 -0.000000 1.000000 -0.802362;
0.520000 0.000000 1.000000 0.000000 0.390000 0.684547 0.728969 -0.802362;
0.540000 0.000000 1.000000 0.000000 0.390000 0.998027 0.062791 -0.802362;
0.560000 0.000000 1.000000 0.000000 0.390000 0.770513 -0.637424 -0.802362;
0.580000 0.000000 1.000000 0.000000 0.390000 0.125333 -0.992115 -0.802362;
0.600000 0.000000 1.000000 0.000000 0.390000 -0.587785 -0.809017 -0.802362;
0.620000 0.000000 1.000000 0.000000 0.390000 -0.982287 -0.187381 -0.802362;
0.640000 0.000000 1.000000 0.000000 0.390000 -0.844328 0.535827 -0.802362;
0.660000 0.000000 1.000000 0.000000 0.390000 -0.248690 0.968583 -0.802362;
0.680000 0.000000 1.000000 0.000000 0.180000 0.481754 0.876307 -0.876132;
0.700000 0.000000 1.000000 0.000000 0.180000 0.951057 0.309017 -0.876132;
0.720000 0.000000 1.000000 0.000000 0.180000 0.904827 -0.425779 -0.876132;
0.740000 0.000000 1.000000 0.000000 0.180000 0.368125 -0.929776 -0.876132;
0.760000 0.000000 1.000000 0.000000 0.180000 -0.368125 -0.929776 -0.876132;
0.780000 0.000000 1.000000 0.000000 0.180000 -0.904827 -0.425779 -0.876132;
0.800000 0.000000 1.000000 0.000000 0.180000 -0.951057 0.309017 -0.876132;
0.820000 0.000000 1.000000 0.000000 0.180000 -0.481754 0.876307 -0.876132;
0.840000 0.000000 1.000000 0.000000 0.000000 0.248690 0.968583 -0.929599;
0.860000 0.000000 1.000000 0.000000 0.000000 0.844328 0.535827 -0.929599;
0.880000 0.000000 1.000000 0.000000 0.000000 0.982287 -0.187381 -0.929599;
0.900000 0.000000 1.000000 0.000000 0.000000 0.587785 -0.809017 -0.929599;
0.920000 0.000000 1.000000 0.000000 0.000000 -0.125333 -0.992115 -0.929599;
0.940000 0.000000 1.000000 0.000000 0.000000 -0.770513 -0.637424 -0.929599;
0.960000 0.000000 1.000000 0.000000 0.000000 -0.998027 0.062791 -0.929599;
0.980000 0.000000 1.000000 0.000000 0.000000 -0.684547 0.728969 -0.929599;
1.000000 0.000000 1.000000 0.000000 0.000000 -0.000000 1.000000 -0.929599;
0.000000 1.000000 0.000000 0.000000 0.800893 0.000000 1.000000 -0.014384;
0.020000 1.000000 0.000000 0.000000 0.819161 0.243144 0.969990 0.052901;
0.040000 1.000000 0.000000 0.000000 0.866387 0.445336 0.895364 0.247393;
0.060000 1.000000 0.000000 0.000000 0.924707 0.592889 0.805284 0.534649;
0.080000 1.000000 0.000000 0.000000 0.974593 0.693845 0.720124 0.829560;
0.100000 1.000000 0.000000 0.000000 1.000000 0.761695 0.647936 1.000000;
0.120000 1.000000 0.000000 0.000000 0.989825 0.807529 0.589827 0.929981;
0.140000 1.000000 0.000000 0.000000 0.937831 0.838858 0.544350 0.607479;
0.160000 1.000000 0.000000 0.000000 0.842204 0.860445 0.509544 0.143924;
0.180000 1.000000 0.000000 0.000000 0.705049 0.875256 0.483659 -0.306694;
0.200000 1.000000 0.000000 0.000000 0.531846 0.885131 0.465341 -0.645213;
0.220000 1.000000 0.000000 0.000000 0.330826 0.891190 0.453630 -0.854930;
0.240000 1.000000 0.000000 0.000000 0.112271 0.894073 0.447921 -0.967494;
0.260000 1.000000 0.000000 0.000000 0.112271 -0.894073 -0.447921 -0.967494;
0.280000 1.000000 0.000000 0.000000 0.330826 -0.891190 -0.453630 -0.854930;
0.300000 1.000000 0.000000 0.000000 0.531846 -0.885131 -0.465341 -0.645213;
0.320000 1.000000 0.000000 0.000000 0.705049 -0.875256 -0.483659 -0.306694;
0.340000 1.000000 0.000000 0.000000 0.842204 -0.860445 -0.509544 0.143924;
0.360000 1.000000 0.000000 0.000000 0.937831 -0.838858 -0.544350 0.607479;
0.380000 1.000000 0.000000 0.000000 0.989825 -0.807529 -0.589827 0.929981;
0.400000 1.000000 0.000000 0.000000 1.000000 -0.761695 -0.647936 1.000000;
0.420000 1.000000 0.000000 0.000000 0.974593 -0.693845 -0.720124 0.829560;
0.440000 1.000000 0.000000 0.000000 0.924707 -0.592889 -0.805284 0.534649;
0.460000 1.000000 0.000000 0.000000 0.866387 -0.445336 -0.895364 0.247393;
0.480000 1.000000 0.000000 0.000000 0.819161 -0.243144 -0.969990 0.052901;
0.500000 1.000000 0.000000 0.000000 0.800893 -0.000000 -1.000000 -0.014384;
0.520000 1.000000 0.000000 0.000000 0.819161 0.243144 -0.969990 0.052901;
0.540000 1.000000 0.000000 0.000000 0.866387 0.445336 -0.895364 0.247393;
0.560000 1.000000 0.000000 0.000000 0.924707 0.592889 -0.805284 0.534649;
0.580000 1.000000 0.000000 0.000000 0.974593 0.693845 -0.720124 0.829560;
0.600000 1.000000 0.000000 0.000000 1.000000 0.761695 -0.647936 1.000000;
0.620000 1.000000 0.000000 0.000000 0.989825 0.807529 -0.589827 0.929981;
0.640000 1.000000 0.000000 0.000000 0.937831 0.838858 -0.544350 0.607479;
0.660000 1.000000 0.000000 0.000000 0.842204 0.860445 -0.509544 0.143924;
0.680000 1.000000 0.000000 0.000000 0.705049 0.875256 -0.483659 -0.306694;
0.700000 1.000000 0.000000 0.000000 0.531846 0.885131 -0.465341 -0.645213;
0.720000 1.000000 0.000000 0.000000 0.330826 0.891190 -0.453630 -0.854930;
0.740000 1.000000 0.000000 0.000000 0.112271 0.894073 -0.447921 -0.967494;
0.760000 1.000000 0.000000 0.000000 0.112271 -0.894073 0.447921 -0.967494;
0.780000 1.000000 0.000000 0.000000 0.330826 -0.891190 0.453630 -0.854930;
0.800000 1.000000 0.000000 0.000000 0.531846 -0.885131 0.465341 -0.645213;
0.820000 1.000000 0.000000 0.000000 0.705049 -0.875256 0.483659 -0.306694;
0.840000 1.000000 0.000000 0.000000 0.842204 -0.860445 0.509544 0.143924;
0.860000 1.000000 0.000000 0.000000 0.937831 -0.838858 0.544350 0.607479;
0.880000 1.000000 0.000000 0.000000 0.989825 -0.807529 0.589827 0.929981;
0.900000 1.000000 0.000000 0.000000 1.000000 -0.761695 0.647936 1.000000;
0.920000 1.000000 0.000000 0.000000 0.974593 -0.693845 0.720124 0.829560;
0.940000 1.000000 0.000000 0.000000 0.924707 -0.592889 0.805284 0.534649;
0.960000 1.000000 0.000000 0.000000 0.866387 -0.445336 0.895364 0.247393;
0.980000 1.000000 0.000000 0.000000 0.819161 -0.243144 0.969990 0.052901;
1.000000 1.000000 0.000000 0.000000 0.800893 -0.000000 1.000000 -0.014384;
